%YAML:1.0
---
myHogDector: !!opencv-object-detector-hog
   winSize: [ 64, 128 ]
   blockSize: [ 16, 16 ]
   blockStride: [ 8, 8 ]
   cellSize: [ 8, 8 ]
   nbins: 9
   derivAperture: 1
   winSigma: 4.
   histogramNormType: 0
   L2HysThreshold: 2.0000000000000001e-01
   gammaCorrection: 1
   nlevels: 64
   signedGradient: 0
   SVMDetector: [ 3.07628307e-02, -1.97682325e-02, -2.35945228e-02,
       1.51509214e-02, 2.03031097e-02, 2.21374468e-03, -2.99161803e-02,
       -1.17599098e-02, 4.28362340e-02, 2.50929482e-02, -1.62952542e-02,
       -2.03121677e-02, 1.08843320e-03, -1.33748138e-02, -9.07025952e-03,
       -1.44278686e-02, -1.42053217e-02, 3.15495729e-02, -6.65898016e-03,
       9.19829254e-05, -1.24110524e-02, 6.08772375e-02, 1.27870049e-02,
       2.41320487e-02, -2.62596942e-02, -2.06940006e-02, -7.64429150e-03,
       -5.01520280e-03, -1.07651921e-02, 9.72158927e-03, 3.54400128e-02,
       -6.30494347e-03, 2.00321395e-02, 6.11340581e-03, -2.08014884e-04,
       -2.00399719e-02, 5.94703015e-03, -3.06500830e-02, -2.37159766e-02,
       6.82720775e-03, 8.55679810e-03, -1.24242641e-02, -2.12585945e-02,
       -8.19786545e-03, 3.82391363e-02, 7.74730137e-03, -6.19028229e-03,
       9.03611258e-03, 3.48164104e-02, -6.45958353e-03, 4.06519556e-03,
       -5.99104678e-03, 1.65062100e-02, 3.05542685e-02, -9.67599079e-03,
       -5.96608850e-04, -5.35814697e-03, 2.50553060e-02, 1.23526659e-02,
       1.09610138e-02, 3.63152544e-03, -1.32896770e-02, -1.13532040e-02,
       2.53765304e-02, -2.48275977e-03, -1.70290638e-02, 3.67589034e-02,
       -6.61613187e-03, 1.98174827e-02, -1.62853592e-03, -2.23936141e-02,
       2.03923099e-02, 2.45062192e-03, -7.40881264e-03, 7.07409857e-03,
       1.15261404e-02, 4.15801723e-03, 2.89176255e-02, -1.04839606e-02,
       2.70066224e-02, -1.64098246e-03, -1.96232647e-02, -1.80045441e-02,
       2.90015456e-03, -2.34220196e-02, 2.76032481e-02, 3.74842882e-02,
       -2.48185545e-03, 3.62862535e-02, 2.23512296e-02, -2.68476307e-02,
       4.66037833e-04, 7.64114433e-04, 2.46338192e-02, 3.17963548e-02,
       3.88683416e-02, -1.21852541e-02, -2.22385265e-02, -2.43428648e-02,
       -3.89577486e-02, -2.54616663e-02, -9.66288615e-03,
       -5.43423463e-03, -1.16551314e-02, -1.29975681e-03,
       -1.97459888e-02, -1.23661035e-03, -1.81157961e-02,
       -7.57341320e-03, 2.78183492e-04, -2.79020192e-03, -2.22939253e-02,
       -1.12444824e-02, 2.99701225e-02, -4.00407286e-03, 1.73248742e-02,
       1.27853584e-02, -1.07161682e-02, 4.52414737e-04, -1.56650692e-02,
       -2.47685704e-02, -1.56250522e-02, 1.63640678e-02, -4.44688508e-03,
       -9.97851230e-03, -4.88578808e-04, -5.93958609e-03,
       -1.86484959e-02, 1.87935308e-02, -1.89425889e-03, -3.01872529e-02,
       9.21787601e-03, 1.18614240e-02, 2.37659477e-02, 4.07319935e-03,
       -2.39779856e-02, -4.01928201e-02, -2.63227616e-02,
       -2.33427398e-02, -1.36909252e-02, 8.43528565e-03, -6.34873845e-03,
       -1.73616782e-02, -7.99976056e-04, -1.07452953e-02, 1.92216747e-02,
       -4.24331054e-02, 6.38391217e-03, 1.60000671e-03, 4.49936697e-03,
       -1.24340388e-03, 7.71351811e-03, -1.96349863e-02, -5.69068268e-03,
       1.47462217e-03, -5.46651185e-02, -3.41849066e-02, -1.05085422e-03,
       -1.30902901e-02, -2.00547408e-02, 1.85008775e-02, -2.65007131e-02,
       -6.69248914e-03, 2.12649275e-02, -4.01681364e-02, 2.83015752e-03,
       -4.70635889e-04, 2.72233244e-02, 9.78159439e-03, 2.84201950e-02,
       1.45894317e-02, -1.36836069e-02, -1.98705960e-02, -2.36291774e-02,
       -6.55164113e-05, 2.22135987e-03, 1.38899712e-02, -1.49082001e-02,
       2.06970032e-02, 7.29189441e-03, -1.78670771e-02, -8.72721430e-03,
       -4.79693264e-02, 8.83856043e-03, 3.70485187e-02, 1.86543353e-02,
       1.28478874e-02, 5.74901029e-02, 6.75093662e-03, -1.69374272e-02,
       -1.59731321e-02, -3.19477506e-02, 1.78122949e-02, 8.47765303e-04,
       -2.09279452e-02, 2.79470510e-03, 1.24355089e-02, -2.28682589e-02,
       1.17651150e-02, 3.05919480e-02, -2.35227924e-02, 3.75178345e-02,
       4.27071564e-02, 4.19336744e-02, -2.75658928e-02, 2.42925212e-02,
       -2.48657223e-02, 9.21292137e-03, 2.44409274e-02, -1.37030464e-02,
       -2.91403802e-03, -1.54009685e-02, -2.30655484e-02,
       -3.43272649e-02, -1.52363870e-02, -9.62466933e-03,
       -4.52752167e-04, 6.14047935e-03, -4.43841098e-03, 1.83403417e-02,
       5.21331793e-03, -1.01186065e-02, -3.50672286e-03, 2.62768548e-02,
       1.69042498e-02, -1.31902564e-02, -1.61022488e-02, -2.84113903e-02,
       -7.59816356e-03, 8.48286320e-03, -2.92265043e-02, -4.33911309e-02,
       2.72017941e-02, -5.60447853e-03, 1.34346997e-02, 1.80567112e-02,
       2.49033282e-03, 1.22758793e-02, -1.40542758e-03, 8.16222467e-03,
       5.08434884e-03, 2.93923933e-02, 1.85631365e-02, 8.67626921e-04,
       -3.69648002e-02, 1.17389289e-04, -2.40277369e-02, 1.07463971e-02,
       1.10218199e-02, -3.04796286e-02, 1.04599902e-02, -9.58942529e-03,
       -1.45067628e-02, 1.03900535e-03, -1.09365862e-02, 7.04317121e-03,
       3.31550390e-02, 1.72059666e-02, -1.89382844e-02, 3.89945321e-02,
       -8.80842970e-04, -2.01957785e-02, -7.49359513e-03,
       -2.89428029e-02, -5.53714694e-04, -8.09710007e-03, 1.13952474e-03,
       -1.13725765e-02, 3.22765894e-02, -5.04489173e-04, -1.78192519e-02,
       -2.37674527e-02, 1.77585296e-02, 3.00536137e-02, 1.20879197e-02,
       3.31797525e-02, 2.28512567e-02, 5.26326336e-02, 1.39430631e-02,
       2.71212915e-03, -1.42121464e-02, 8.09033227e-04, 2.72294413e-02,
       -1.38072744e-02, -1.44197308e-02, 1.04050189e-02, 5.22165000e-03,
       1.27124991e-02, -2.76695695e-02, -3.87350842e-02, -1.14370184e-02,
       4.12089191e-02, -2.06736792e-02, 1.25262393e-02, -1.92781223e-03,
       1.95763540e-02, 1.53049873e-02, -8.07186589e-03, -1.82887428e-02,
       -1.85238831e-02, 2.65228897e-02, 1.28659478e-03, 6.50230702e-03,
       4.03749570e-03, 1.42148510e-02, -2.08932701e-02, 2.35901549e-02,
       -2.89102625e-02, 4.19832813e-03, 1.37763098e-02, -6.04414474e-03,
       -7.82294385e-03, -1.01244077e-03, 2.31150258e-03, 1.47607215e-02,
       -1.68236159e-02, -3.41920480e-02, -3.00064273e-02,
       -1.20884832e-02, -4.69398312e-02, -1.42560042e-02,
       -1.46088526e-02, -1.31650241e-02, -2.61518471e-02, 1.39273924e-03,
       -1.21968156e-02, -2.26514898e-02, 1.39313703e-02, -1.08137596e-02,
       1.18501838e-02, 7.63634592e-03, 1.72906779e-02, -1.20553588e-02,
       -1.62327718e-02, -3.89073491e-02, -6.52392805e-02,
       -1.54641671e-02, -1.55791510e-02, 1.92981381e-02, -1.25149367e-02,
       2.13362630e-02, -3.02861240e-02, 2.17081215e-02, 2.97256606e-03,
       -1.55884102e-02, 6.12279633e-03, -1.04323048e-02, 1.14463344e-02,
       -2.01189378e-03, 8.85471702e-03, -1.58909429e-03, -5.52287418e-03,
       -1.38706164e-02, -1.61752256e-03, 5.83257154e-03, -1.45237958e-02,
       -1.57550983e-02, -2.50253920e-02, -8.48816801e-03, 4.85990988e-03,
       -2.20355508e-03, -5.79036120e-03, -2.39930656e-02, 8.47251713e-03,
       -1.52405789e-02, -2.68260180e-03, -2.79530585e-02, 1.60024632e-02,
       -2.69072484e-02, -2.16874070e-02, -3.48867923e-02,
       -1.45425918e-02, 3.30472994e-03, -5.23445830e-02, -2.32407916e-03,
       -3.46790701e-02, 5.25295874e-03, -1.72649603e-02, -4.03822679e-03,
       5.82294399e-03, 1.64917838e-02, 2.38078870e-02, 1.67311653e-02,
       5.81213180e-03, -3.09541747e-02, 6.93011377e-03, -1.04937973e-02,
       3.47892684e-03, 1.42783648e-03, 2.16360204e-02, 1.92566831e-02,
       -2.32928824e-02, -1.65906583e-03, -2.12440882e-02, 9.71778668e-03,
       1.51784504e-02, -2.73587368e-02, -1.52493026e-02, -1.61914229e-02,
       5.00631891e-03, -1.09934881e-02, -4.44001099e-03, 3.62376100e-03,
       3.67609784e-02, -1.01747003e-03, -2.67871730e-02, -2.24066824e-02,
       -2.40575988e-02, -2.42752153e-02, -2.04644147e-02,
       -3.44947428e-02, -4.73492267e-03, 2.64931172e-02, 1.09446906e-02,
