%YAML:1.0
---
myHogDector1: !!opencv-object-detector-hog
   winSize: [ 64, 128 ]
   blockSize: [ 16, 16 ]
   blockStride: [ 8, 8 ]
   cellSize: [ 8, 8 ]
   nbins: 9
   derivAperture: 1
   winSigma: 4.
   histogramNormType: 0
   L2HysThreshold: 2.0000000000000001e-01
   gammaCorrection: 1
   nlevels: 64
   signedGradient: 0
   SVMDetector: [ 1.38079375e-02, -3.62049714e-02, -4.17753235e-02,
       4.16827295e-03, 6.40400080e-03, -1.82868950e-02, 6.09815167e-03,
       -1.97914080e-03, 4.76166513e-03, 5.04892878e-02, -8.17732047e-03,
       -1.02328435e-02, -2.24277247e-02, 4.45528282e-03, 3.21727768e-02,
       1.06051126e-02, 1.94199868e-02, 2.23346818e-02, 1.36159919e-02,
       -3.65484394e-02, -7.41924811e-03, 1.54937161e-02, 6.44726329e-04,
       -3.81999351e-02, -2.37299763e-02, -1.46246832e-02, 2.52515892e-04,
       1.66323073e-02, -3.02405446e-03, 2.45001689e-02, 2.59479899e-02,
       1.34196198e-02, 1.42717240e-02, 1.74778849e-02, 1.33658918e-02,
       -2.31163949e-02, 2.12669820e-02, -2.32181381e-02, -1.81991924e-02,
       -5.27708884e-03, 3.02727167e-02, 3.03244572e-02, 3.09913373e-03,
       8.17039143e-03, 1.96743719e-02, 9.08675313e-04, 3.34013887e-02,
       2.19078921e-02, 3.01085934e-02, -6.72172569e-03, 2.13572625e-02,
       2.05908972e-03, 1.10812299e-02, -1.41533045e-02, 1.19570484e-02,
       2.46302946e-03, -4.46282467e-03, 2.03903634e-02, 2.76918504e-02,
       1.96748339e-02, -5.29396487e-03, -3.87675036e-03, 1.10312935e-03,
       2.33948100e-02, 3.98317864e-03, -1.66428797e-02, 7.11587491e-05,
       -1.30424993e-02, 2.64302325e-02, -4.33975784e-03, -5.56528685e-04,
       3.17520760e-02, 1.87229421e-02, 3.60440537e-02, 2.00443659e-02,
       3.53701483e-03, -3.00929286e-02, -1.06517198e-02, -1.80356503e-02,
       7.28145288e-03, -1.75990164e-02, 1.39334258e-02, 2.71775573e-02,
       9.44966823e-03, -1.24577330e-02, 2.61421725e-02, 3.77227808e-03,
       3.58556164e-03, 7.77032645e-03, 6.05718512e-03, -5.39323268e-03,
       3.38401571e-02, -9.85580031e-04, -2.47759596e-02, -2.37061847e-02,
       -1.12018362e-02, 1.20217144e-03, 1.22951530e-03, -1.60968974e-02,
       1.34642213e-03, -5.68332849e-03, -1.69929415e-02, -1.78197138e-02,
       -1.55925490e-02, -1.85796453e-05, 2.29013953e-02, 2.02350668e-03,
       -5.35308383e-04, 1.45991649e-02, 3.80392820e-02, 6.24800194e-03,
       -3.69425700e-03, 2.05360018e-02, 1.51728317e-02, 1.77684762e-02,
       -2.14616191e-02, -2.99176797e-02, 5.09893103e-03, 2.59026717e-02,
       -1.07058361e-02, 1.42043279e-02, -1.22723365e-02, 1.85029097e-02,
       1.40841603e-02, -3.21539305e-02, -3.63295786e-02, -5.99973975e-03,
       -1.16651263e-02, -9.16698482e-03, 1.15988934e-02, 8.46326724e-03,
       8.65608733e-03, 2.88254116e-02, 6.85667736e-04, 7.71737949e-04,
       -1.42265055e-02, -2.32383385e-02, 3.33749410e-03, 4.15450521e-03,
       7.43290037e-03, 9.01120901e-03, -3.37110879e-03, -4.69311289e-02,
       -1.24943107e-02, -4.58890107e-03, 1.95741858e-02, -2.03001890e-02,
       1.20183844e-02, -5.26600750e-03, 1.10090524e-03, 9.47961025e-03,
       2.94103916e-03, -3.18784378e-02, 2.99370778e-03, -2.48798467e-02,
       -5.37396483e-02, -1.99015737e-02, -9.61643178e-03,
       -2.27802116e-02, -9.93146189e-03, 2.08270922e-02, -2.23026704e-02,
       -3.97011498e-03, 2.47053094e-02, -1.11955032e-02, 1.24102971e-03,
       4.35884297e-03, 4.13755421e-03, -1.09207639e-02, -4.71761310e-03,
       -4.41288715e-03, -3.12637873e-02, -8.75468366e-03,
       -2.85033099e-02, -1.60905626e-02, 3.93435964e-03, 7.61532807e-04,
       1.61828037e-04, 2.86976267e-02, -1.27480011e-02, -3.18690971e-03,
       -2.05379147e-02, -4.37855758e-02, 1.69197060e-02, 1.97683997e-03,
       1.99254276e-03, -4.49858699e-03, 2.55907513e-02, 2.39109271e-03,
       -3.40201519e-02, -1.43414643e-02, -2.46971622e-02, 2.47258157e-03,
       -1.80335585e-02, -4.94246185e-02, -2.79879235e-02,
       -5.33515308e-03, -1.45324515e-02, 4.38440451e-03, 2.95258630e-02,
       -1.88052859e-02, 3.48833725e-02, 1.75630506e-02, 3.81770507e-02,
       -2.55218917e-03, 4.59441431e-02, 1.42497616e-03, -1.17732193e-02,
       2.72343513e-02, 1.86559779e-03, -1.83395855e-02, 3.85452923e-03,
       -1.11658927e-02, -1.15367230e-02, 8.38067196e-03, -2.23781969e-02,
       -2.94401702e-02, 5.45025850e-03, -1.57901496e-02, 1.26976641e-02,
       1.76571496e-02, -9.78402328e-03, -3.30342539e-02, 2.08425540e-02,
       1.80730037e-02, -4.43746969e-02, -1.46868359e-02, -2.13007443e-02,
       7.66145531e-03, -1.20832436e-02, -2.51658615e-02, -7.87848234e-02,
       2.59033125e-02, 1.07950706e-03, -1.30387573e-02, 6.80119358e-03,
       -6.60092803e-03, -8.81478935e-03, 1.92537121e-02, 1.06001580e-02,
       -7.96516240e-03, 4.08376977e-02, -2.08082679e-03, -2.74704248e-02,
       -3.35166231e-03, 8.59377068e-03, -3.49589661e-02, -1.63700525e-02,
       2.86396383e-03, -4.93669435e-02, 2.45809425e-02, -7.61233550e-03,
       -2.44646519e-02, -5.63922385e-03, -1.71236042e-02, 8.48342199e-03,
       2.66785584e-02, 3.20125185e-02, -2.87559014e-02, 3.02737877e-02,
       7.28740473e-04, -8.87469796e-04, 6.85371552e-03, -3.59259099e-02,
       -3.33698057e-02, 3.51970247e-03, 2.23440845e-02, -2.31378060e-02,
       3.90481539e-02, -1.08750872e-02, -2.91650696e-03, 2.09971964e-02,
       3.24630216e-02, 1.71139892e-02, 2.28613429e-03, 3.44198234e-02,
       4.71789017e-03, 4.27404232e-02, 5.65407006e-03, 2.67130625e-03,
       5.04924171e-03, -7.55368685e-03, -1.19619230e-02, -2.28384826e-02,
       5.02245734e-03, -3.10314674e-04, 3.08410265e-02, -1.10260714e-02,
       -2.51151398e-02, -1.73750073e-02, -1.33748455e-02, 2.18661074e-02,
       -2.80996412e-02, 2.19200761e-03, -2.03998126e-02, 2.96666566e-02,
       8.22842401e-03, -1.69286132e-02, -1.96758099e-03, -1.19712558e-02,
       3.35253999e-02, 4.41297237e-03, -3.72074544e-02, -2.53997557e-02,
       3.19955172e-03, -1.91409066e-02, -1.20121064e-02, 8.64444580e-03,
       -5.73039800e-03, 1.48993416e-03, -1.65213328e-02, 3.73762537e-04,
       1.06791139e-03, 2.80871075e-02, -8.80980119e-03, -3.87404785e-02,
       -9.72308777e-03, 6.32151589e-03, 6.92398986e-03, -1.23776812e-02,
       -1.62498988e-02, -6.84313988e-03, -5.88655984e-03,
       -3.96919586e-02, 9.80237313e-03, 1.12286424e-02, -2.00830791e-02,
       2.26491764e-02, -8.89854692e-03, 1.30543923e-02, -1.28455916e-02,
       8.31802189e-03, -3.09719704e-03, 1.05532128e-02, -1.95156049e-03,
       -4.82283458e-02, -1.00695640e-02, 3.73069234e-02, 3.68310474e-02,
       -3.61266360e-02, -1.12417284e-02, -1.12447245e-02, 1.02083664e-02,
       3.74699235e-02, 3.72916125e-02, 4.67306897e-02, -1.43703502e-02,
       2.21587382e-02, 1.08877495e-02, 1.81384664e-02, -1.85402986e-02,
       -2.28077173e-02, 1.56245520e-03, 9.62265022e-03, 2.15263236e-02,
       3.36073805e-03, 3.75293265e-03, -9.29226074e-03, 1.99891813e-02,
       -2.15081181e-02, 1.87175944e-02, 9.80702229e-03, -4.03969362e-02,
       -2.21596081e-02, 6.07475499e-03, 1.02813244e-02, -3.71597037e-02,
       -1.88469060e-03, -1.75517402e-03, -2.24388321e-03,
       -2.30068322e-02, -1.71635635e-02, -8.88927095e-03,
       -1.96840037e-02, -1.16349291e-02, -3.77321765e-02,
       -1.29487785e-02, -1.56857520e-02, -4.28930810e-03, 5.64684207e-03,
       -8.84514581e-03, 2.94066295e-02, 2.37092376e-02, 2.29991153e-02,
       -3.07633895e-02, 2.07894295e-02, 5.79480268e-03, -1.74134988e-02,
       -1.46990390e-02, -4.56851767e-03, 2.93971468e-02, -1.72021482e-02,
       1.10428408e-02, -3.26805748e-02, -1.06377210e-02, -1.64409578e-02,
       -1.41122025e-02, -2.53374483e-02, -1.16149755e-03, 1.76946279e-02,
       -8.24088976e-03, 1.74694583e-02, -1.97292287e-02, -1.23950345e-02,
       -2.06997208e-02, 2.16317736e-03, -1.38621246e-02, -2.15233136e-02,
       9.92450863e-03, 1.79457502e-03, -6.64304197e-03, -4.33143415e-02,
       -2.04790123e-02, -9.96623188e-04, 1.44356322e-02, 2.52495031e-03,
